336
348
331
342
345
338
351
352
353
347
332
353
331
337
343
342
331
341
340
315
343
331
341
334
349
320
328
356
335
340
348
329
356
342
338
345
338
343
349
338
356
355
347
312
331
333
339
357
368
349
331
348
335
353
352
335
337
342
333
338
343
344
326
310
361
333
350
342
336
332
344
336
357
340
354
330
326
340
354
365
350
355
343
342
332
336
342
333
341
357
335
349
364
329
350
344
326
314
325
329
336
357
345
329
343
340
339
359
343
343
342
334
349
319
349
354
351
339
337
346
338
317
351
339
327
348
326
332
337
339
343
349
350
349
346
336
332
342
353
348
353
356
335
312
343
334
350
325
339
339
351
350
358
346
334
347
358
335
344
336
353
348
358
339
339
347
336
338
357
339
342
339
351
332
340
349
357
331
337
340
347
350
324
317
330
333
337
351
325
337
344
346
327
321
366
321
336
353
343
327
345
358
325
331
344
346
358
331
345
328
330
343
338
355
361
335
321
345
350
324
340
345
332
348
340
337
350
332
321
344
364
338
353
355
348
330
349
344
352
333
323
338
341
351
314
325
339
347
345
347
357
347
354
344
368
334
334
347
326
329
348
335
345
344
340
342
361
359
360
329
340
371
357
334
329
350
344
350
350
371
330
350
357
347
330
322
348
336
344
362
325
343
359
329
328
334
332
350
344
341
332
342
340
338
371
341
345
334
318
363
330
361
350
347
338
334
357
332
345
319
338
348
342
332
348
322
337
336
348
345
339
343
344
330
324
337
342
364
356
337
330
343
334
350
330
333
343
323
344
334
345
344
337
353
334
340
316
321
357
346
353
350
328
348
329
351
329
313
321
336
332
352
360
347
337
340
321
345
325
356
335
341
335
349
336
332
335
350
345
337
336
342
357
339
352
327
344
363
340
327
352
327
330
339
320
331
353
349
330
332
331
347
350
336
349
358
348
336
330
324
348
328
328
351
330
351
344
328
353
337
315
344
338
322
333
317
351
329
334
332
338
354
348
325
344
358
328
338
332
329
345
337
343
351
361
339
351
349
340
343
337
349
350
358
328
349
339
340
338
327
359
346
335
347
334
346
345
342
325
350
333
343
333
335
346
336
320
347
350
319
360
342
343
347
334
355
343
329
364
326
331
336
352
369
342
350
328
314
342
358
354
340
349
344
341
329
325
341
339
316
330
362
350
331
339
372
351
334
365
325
368
329
340
325
348
335
353
332
345
332
350
314
351
330
318
349
330
329
335
344
326
342
344
318
340
347
324
339
340
344
340
352
335
362
329
341
349
327
338
335
323
338
332
352
334
336
342
348
342
350
334
343
340
344
345
347
357
347
335
323
349
329
341
314
335
359
350
336
367
335
328
355
333
330
337
327
336
339
341
336
342
354
344
328
334
337
359
328
342
322
343
311
335
349
341
335
334
335
341
351
334
325
324
345
351
342
341
341
353
351
347
322
366
336
350
354
341
333
318
344
326
317
334
340
341
342
342
332
370
