57
60
55
59
55
61
54
56
62
50
61
56
63
56
59
54
56
60
58
60
59
62
52
67
54
63
54
58
45
57
59
58
56
59
60
58
62
62
59
58
59
56
68
58
55
60
62
65
64
60
52
46
60
55
62
60
50
69
52
67
66
58
57
58
56
66
47
61
49
66
62
61
59
64
58
58
56
59
53
61
60
59
54
61
57
62
58
53
54
61
58
62
55
55
58
56
60
52
60
63
58
60
63
67
59
54
54
69
54
57
56
61
63
61
54
51
59
66
57
56
58
61
61
61
54
54
55
53
57
56
50
56
61
60
61
54
60
55
53
58
62
55
58
70
60
64
59
65
58
52
64
59
58
60
54
55
69
59
64
67
63
60
59
60
57
64
59
62
58
58
63
50
57
66
54
55
66
54
63
59
62
55
56
49
63
61
60
62
61
63
61
53
55
56
52
62
56
64
62
56
59
63
60
64
62
69
57
59
60
59
59
54
52
65
64
53
54
53
67
58
61
57
61
53
55
55
57
51
57
58
47
59
56
53
51
61
57
64
72
48
53
63
61
53
50
49
57
61
60
56
58
59
56
64
63
57
56
54
63
70
57
59
63
55
54
56
62
55
56
55
63
59
63
58
58
58
61
60
56
64
64
62
60
64
56
59
65
65
72
59
64
61
55
56
53
58
68
60
61
60
65
51
57
54
61
59
53
48
62
61
58
55
52
62
58
65
62
66
63
61
57
55
58
55
56
51
63
59
57
66
59
55
61
59
58
59
53
60
65
55
60
73
59
57
63
58
62
58
59
66
61
56
54
54
68
58
66
63
59
60
61
64
55
62
67
59
57
61
56
58
68
58
69
59
56
60
55
64
52
60
66
63
55
53
51
59
59
58
62
52
61
59
51
57
63
67
61
56
58
64
61
63
65
70
59
63
58
52
67
56
59
57
63
58
63
52
66
50
61
52
61
66
53
55
58
60
56
57
57
58
57
63
62
57
52
54
60
51
56
63
62
63
55
55
54
53
62
71
66
60
60
56
56
58
67
62
63
49
53
50
67
65
55
64
46
60
56
63
57
59
61
55
61
53
58
63
65
60
57
57
57
62
51
59
65
63
63
62
53
63
59
52
56
58
54
63
68
57
59
53
59
50
53
60
65
57
43
52
59
58
61
61
53
62
67
62
64
65
64
63
62
54
64
63
52
62
62
59
56
61
53
61
67
53
59
61
65
50
61
57
52
51
52
61
61
61
48
54
55
66
59
63
54
57
60
69
56
54
59
56
58
54
58
61
60
57
61
61
54
56
68
63
57
62
55
45
62
57
56
59
62
63
62
51
54
59
55
55
62
59
66
53
56
60
54
57
56
65
57
60
60
56
63
50
54
58
61
62
49
64
55
60
59
66
65
58
55
67
57
52
54
68
50
62
56
52
59
56
58
60
59
60
56
58
68
52
62
57
46
64
67
60
66
55
63
57
60
64
52
59
63
53
56
65
60
65
